const CostTable = [
    [0, 1, 2, 2.5, 3, 6.5, 8.5, 5.5, 6.5, 8.5, 9, 12],
    [1, 0, 1, 1.5, 2, 5.5, 7, 4.5, 5.5, 7, 8, 11],
    [2, 1, 0, 0.8, 0.8, 4.5, 6, 3.5, 4.5, 6.5, 7.5, 10.5],
    [2.5, 1.5, 0.8, 0, 1, 4.5, 6.5, 4, 5.5, 7, 8, 10.5],
    [3, 2, 0.8, 1, 0, 4, 5.5, 3, 4.5, 5.5, 6.5, 9],
    [6.5, 5.5, 4.5, 4.5, 4, 0, 2, 2.5, 4, 4.5, 5.5, 6.5],
    [8.5, 7, 6, 6.5, 5.5, 2, 0, 2.5, 3.5, 3, 4, 4],
    [5.5, 4.5, 3.5, 4, 3, 2.5, 2.5, 0, 2, 3, 5, 6.5],
    [6.5, 5.5, 4.5, 5.5, 4.5, 4, 3.5, 2, 0, 2, 2.5, 6],
    [8.5, 7, 6.5, 7, 5.5, 4.5, 3, 3, 2, 0, 1.5, 5],
    [9, 8, 7.5, 8, 6.5, 5.5, 4, 5, 2.5, 1.5, 0, 5.5],
    [12, 11, 10.5, 10.5, 9, 6.5, 4, 6.5, 6, 5, 5.5, 0]
];

export default CostTable;